2 313 313 414 414
2 313 313 414 414
2 313 315 414 413
2 315 315 413 413
2 315 314 413 413
2 314 313 413 421
2 313 313 421 421
2 313 312 421 421
2 312 310 421 415
2 310 310 415 415
2 310 310 415 409
2 310 312 409 398
2 312 312 398 398
2 312 314 398 393
2 314 318 393 380
2 318 318 380 380
2 318 321 380 380
2 321 326 380 377
2 326 326 377 377
2 326 332 377 374
2 332 333 374 373
2 333 333 373 373
2 333 347 373 368
2 347 352 368 365
2 352 352 365 365
2 352 363 365 366
2 363 369 366 365
2 369 369 365 365
2 369 373 365 388
2 373 368 388 360
2 368 368 360 360
2 368 371 360 382
2 371 373 382 351
2 373 373 351 351
2 373 376 351 343
2 376 378 343 338
2 378 378 338 338
2 378 382 338 327
2 382 388 327 321
2 388 388 321 321
2 388 394 321 308
2 394 397 308 307
2 397 397 307 307
2 397 406 307 307
2 406 413 307 307
2 413 413 307 307
2 413 416 307 307
2 416 421 307 307
2 421 421 307 307
2 421 424 307 307
2 424 429 307 307
2 429 429 307 307
2 429 246 307 220
2 246 265 220 217
3 279 279 307 307
2 265 265 217 217
3 279 279 307 307
2 265 288 217 217
3 279 279 307 307
2 288 320 217 209
3 279 279 307 307
2 320 320 209 209
3 279 279 307 307
2 320 328 209 194
3 279 279 307 307
4 509 509 307 307
4 509 511 307 307
4 511 521 307 307
4 521 521 307 307
4 521 529 307 307
4 529 538 307 307
4 538 538 307 307
4 538 543 307 307
4 543 545 307 307
4 545 545 307 307
4 545 547 307 307
4 547 548 307 307
4 548 548 307 307
4 548 549 307 307
4 549 549 307 307
4 549 549 307 307
4 549 550 307 307
4 550 552 307 307
4 552 552 307 307
4 552 552 307 307
4 552 552 307 307
4 552 552 307 307
4 552 553 307 305
4 553 554 305 306
4 554 554 306 306
4 554 554 306 306
4 554 555 306 307
4 555 555 307 307
4 555 554 307 307
4 554 555 307 307
4 555 555 307 307
4 555 555 307 307